[HOITFS fstester -t hoitfs -l 100 -rndrd]
10
0
0
0
0
0
0
10
0
0
0
0
0
0
0
0
0
0
0
0
0
0
0
0
0
0
0
0
0
0
0
0
0
0
0
0
0
0
0
0
0
0
0
0
0
0
0
0
0
0
0
0
0
0
0
0
0
0
0
0
0
0
0
0
0
0
0
0
0
0
0
0
0
0
0
0
0
0
0
0
0
0
0
0
0
0
0
0
0
0
0
10
0
0
0
0
0
0
0
0


[SPIFFS fstester -t spiffs -l 100 -rndrd]
10
10
20
10
20
10
20
10
20
10
20
20
20
10
20
10
30
10
20
10
0
20
20
20
20
0
20
10
10
10
20
10
20
20
20
20
10
30
10
20
20
0
20
20
10
10
20
20
20
20
20
10
20
10
20
20
20
20
20
10
20
10
10
20
10
20
10
20
30
20
30
10
10
10
20
20
10
20
10
20
20
20
20
20
20
20
30
10
30
20
20
20
20
10
20
30
20
0
20
20